270.0459834
186.3797227
150.920027
130.1564203
116.1254212
105.8329274
97.86843697
91.46909248
86.18156108
81.71729581
77.88275098
71.59907437
66.62830667
62.56905927
59.17308467
54.98101166
50.57001249
47.88242648
44.22455025
41.29788744
38.88754712
36.13109545
33.60537451
31.54862631
29.44523637
27.40752839
25.62156287
23.94503981
22.31691196
20.85404789
19.48910995
18.19241159
16.99012965
15.89185359
14.85142533
13.88883538
12.99624907
12.16943128
11.40568071
10.69491889
10.03927156
9.42872441
8.871763682
8.354211774
7.881279657
7.448318278
7.054994665
6.698293505
6.377071617
6.090190663
5.837947418
5.618525025
5.431823577
5.277196209
5.154965467
5.06451077
5.005827168
4.978900119
4.983748137
5.020358378
5.088718161
5.188946691
5.321028973
5.485316873
5.681932871
5.911409565
6.174220121
6.471148661
6.803202703
7.171513762
7.577437136
8.022615827
8.508893754
9.038342461
9.613364258
10.23659731
10.91082808
11.63929421
12.42542472
13.27293755
14.18594887
15.16885098
16.22638379
17.36373491
18.58638118
19.90034663
21.31200283
22.8282647
24.45656937
26.20486742
28.08174048
30.09635307
32.25860552
