247.0887915
174.3982271
142.3083759
123.2049021
110.1775425
100.5655372
93.09743599
87.07895283
82.0946266
77.87861576
74.25186206
68.29826385
63.57982484
59.72112437
56.48924366
52.49522348
48.28734715
45.720895
42.2246714
39.42462288
37.116671
34.47510052
32.05241206
30.07782857
28.05666068
26.096623
24.37686761
22.76063155
21.18899086
19.77479543
18.45310431
17.19512196
16.0261926
14.95572829
13.9387294
12.99464766
12.11579345
11.29796787
10.53847298
9.827205361
9.166185444
8.545156787
7.972632663
7.433876256
6.934043799
6.468016469
6.035175682
5.631904735
5.256513743
4.90722102
4.583986313
4.284065966
4.006825235
3.750802943
3.51616429
3.301481166
3.106413215
2.930658843
2.774492192
2.637764714
2.520952139
2.424399135
2.348758083
2.294506324
2.262232721
2.252312851
2.264980832
2.300269465
2.358059807
2.438111816
2.540149858
2.663969243
2.809496413
2.976860891
3.166482034
3.379081266
3.615681359
3.87774043
4.167092897
4.486017257
4.837320827
5.224347841
5.651071902
6.122218131
6.643296243
7.22082486
7.862384965
8.576866092
9.374646988
10.26780685
11.270432
12.39887541
13.67216411
