0.003133347287
0.003191997416
0.003006306992
0.00279517733
0.002600092601
0.002428075526
0.002282717384
0.002162055896
0.002059881166
0.001970804763
0.001892690592
0.001762257182
0.001652546856
0.001559623095
0.001481287339
0.001384335251
0.001279494342
0.001214987547
0.001126800077
0.001055078282
0.0009963763505
0.0009292758349
0.0008680993465
0.0008186924957
0.0007682858004
0.0007195742285
0.0006771136013
0.0006368351698
0.0005977949833
0.0005636888742
0.0005319167337
0.0005019430429
0.0004745136774
0.0004492186122
0.0004257289445
0.0004043691789
0.0003847886008
0.0003670510017
0.0003513939967
0.0003368087968
0.0003232970676
0.0003112867646
0.0003011323134
0.0002922351962
0.0002848565429
0.0002789059661
0.0002741152319
0.0002711078886
0.0002697220104
0.0002699491617
0.0002716093533
0.0002742157206
0.000277350277
0.0002810211579
0.0002849179676
0.000288933929
0.0002928050921
0.000295956828
0.0002988065574
0.0003022820019
0.0003063180738
0.0003111603626
0.0003169084742
0.000323026377
0.0003283019034
0.000332017315
0.0003346318351
0.0003370187455
0.0003395592643
0.0003442907327
0.0003516131458
0.000360361841
0.0003703853249
0.0003834060892
0.0003986568373
0.000417092627
0.0004431444572
0.0004751163182
0.0005076629206
0.0005393811331
0.0005646034973
0.0005804265571
0.0005879359685
0.0005988172509
0.0006194962688
0.0006517320716
0.0006839018955
0.0007132552356
0.000722506593
0.0007134705196
0.0007355857292
0.0008555402414
0.0009912062107
