0.003187007005
0.003274736763
0.003158017703
0.003044693461
0.002959894186
0.002890928158
0.00282791735
0.002763649385
0.002694635255
0.002621914376
0.002547483587
0.00239943514
0.00225151215
0.002096721787
0.001938322395
0.001719139991
0.001487225723
0.00135655744
0.001215726074
0.001139302337
0.00109352959
0.001027679807
0.0009403057836
0.0008709843272
0.0008215690735
0.000769713015
0.0007182774539
0.000678448473
0.0006361481156
0.0005997937883
0.0005661849094
0.0005342390113
0.0005054767971
0.0004794859107
0.0004559114599
0.0004351856161
0.0004162543085
0.000399625585
0.0003851927182
0.0003725658977
0.0003617903683
0.0003531809404
0.0003458501729
0.0003396574275
0.0003344993472
0.0003305565638
0.0003279670342
0.0003271523216
0.0003287002117
0.0003323676458
0.0003380006325
0.0003449515148
0.0003526290529
0.0003604359629
0.0003679762625
0.0003757540951
0.0003844696166
0.0003943253477
0.0004061123483
0.0004212356577
0.0004396666102
0.0004612649893
0.0004862836305
0.0005139864862
0.000542889626
0.0005724072678
0.0006028784154
0.0006345517556
0.0006678396805
0.0007031716336
0.0007393546824
0.0007744164672
0.0008091533173
0.0008490438922
0.0008998531058
0.0009664216425
0.00105499432
0.001164340253
0.001288849524
0.001427808495
0.001578433338
0.001739961766
0.001909751813
0.002089979078
0.002285821235
0.002507956527
0.002776655625
0.00312245099
0.003531822103
0.003970579645
0.00446147209
0.004930377114
0.005151439144
