0.002990858217
0.003034896706
0.002853966151
0.00266418473
0.002498587906
0.002357350479
0.00223454867
0.00212824795
0.002034066744
0.001948827694
0.001869832229
0.001729268664
0.001609166996
0.001508189682
0.001425110808
0.001325415254
0.001222722601
0.001162970453
0.001083492148
0.001015486304
0.0009588169084
0.0008972561591
0.0008407028544
0.0007929582735
0.000745492963
0.0006986461768
0.0006583146417
0.0006204492541
0.0005838060751
0.0005514631171
0.0005222121098
0.0004944014256
0.0004688332048
0.0004456122651
0.0004239866348
0.0004046201979
0.0003872323248
0.00037215398
0.000359543936
0.0003485840984
0.0003392495602
0.000331628626
0.000325635054
0.000320189476
0.0003157181566
0.0003125339634
0.0003101087624
0.0003080601224
0.0003074951247
0.00030818508
0.0003092697927
0.0003109707107
0.0003133086926
0.0003161694483
0.0003189078843
0.0003217113726
0.0003248691627
0.0003280024111
0.0003309927447
0.0003350892624
0.0003406113443
0.0003476102906
0.0003569983845
0.0003683252267
0.0003800822873
0.0003912011163
0.0004028969457
0.0004155780998
0.0004292599819
0.0004438835344
0.0004594128523
0.0004737254104
0.0004866732558
0.0005003267098
0.0005167582563
0.0005403078394
0.0005770706194
0.0006253593718
0.0006796655749
0.0007355499756
0.0007846100164
0.0008193904836
0.0008289447186
0.0008178379921
0.0007881237237
0.0007407829066
0.000676491271
0.0006456495539
0.0006319232617
0.0005517457455
0.0004861812061
0.0004911279602
0.0004127748191
