123.0550985
139.9389293
129.0649399
115.7213192
105.0584887
96.8586986
90.32119481
84.92441785
80.3865221
76.50000851
73.11513983
67.48472139
62.99337478
59.28511101
56.15158902
52.28730163
48.2020037
45.6949176
42.27023911
39.53628097
37.26653298
34.65696456
32.26115008
30.31677494
28.3224124
26.38814316
24.70842453
23.12734437
21.56683229
20.15396439
18.83208353
17.55003047
16.33085188
15.18733911
14.10969025
13.0952693
12.16394951
11.3263877
10.58270434
9.877288839
9.245692334
8.649380957
8.087016474
7.555947321
7.052989209
6.597212528
6.180327587
5.801108539
5.432914915
5.088931188
4.756769468
4.430616806
4.094789398
3.797883952
3.524601503
3.270401827
3.041118816
2.856127861
2.705178068
2.573863359
2.449848896
2.349183516
2.240496846
2.105749116
1.970881688
1.850482712
1.742887058
1.675060713
1.645113111
1.643175934
1.67079297
1.725280515
1.795338373
1.906862276
2.0505013
2.227320134
2.435677864
2.67983787
2.958099402
3.283094064
3.654337031
4.089263028
4.624289297
5.305926094
6.145600062
7.157129958
8.387398387
9.883581038
11.6188497
13.59063697
15.76472696
17.89348495
19.72434728
