0.004999969178
0.009999938356
0.01499990753
0.01999987671
0.02499984589
0.02999981507
0.03499978425
0.03999975342
0.0449997226
0.04999969178
0.05499966096
0.06499959931
0.07499953767
0.08499947602
0.09499941438
0.1099993219
0.1299991986
0.1449991062
0.169998952
0.1949987979
0.2199986438
0.2549984281
0.2949981815
0.3349979349
0.3849976267
0.4449972568
0.5099968561
0.5849963938
0.674995839
0.7749952226
0.8899945137
1.024993681
1.179992726
1.354991647
1.559990384
1.794988935
2.06498727
2.37498536
2.729983171
3.139980644
3.609977746
4.154974387
4.774970565
5.494966127
6.319961041
7.269955185
8.359948465
9.614940729
11.05993182
12.72492156
14.63490978
16.83489622
19.36488063
22.27986266
25.62484204
29.4748183
33.904791
39.00475956
44.86472343
51.60968185
59.36463405
68.28957903
78.54951579
90.35944298
103.9393593
119.564263
137.5341522
158.2040248
181.9838782
209.3387095
240.8035156
276.9982925
318.6330358
366.5227406
421.612401
484.9870103
557.881561
641.736044
738.1954494
849.1497655
976.7839787
1123.603074
1292.487033
1486.760835
1710.229457
1967.292873
2262.99105
2603.133953
2994.406541
3444.488767
3962.225575
4557.776904
5242.847681
