0.01060367446
0.006171952271
0.004623801266
0.00381255748
0.003303531417
0.002949605909
0.002686661825
0.002482068225
0.002317366624
0.002181279239
0.002066498725
0.001882487287
0.001740382384
0.001626514028
0.001532706161
0.001418678452
0.001300744031
0.001229890655
0.001134654264
0.001059440193
0.000998152657
0.0009288010193
0.0008659621968
0.0008153117506
0.0007640230681
0.000714863414
0.0006722418476
0.0006326679381
0.0005946869968
0.000560988053
0.0005299587214
0.000500903049
0.0004743846536
0.0004505677415
0.0004284177802
0.0004083353851
0.0003901178101
0.0003736396097
0.0003588050907
0.0003453789303
0.0003333609648
0.0003225276634
0.00031298479
0.0003044447024
0.0002969525232
0.0002903897324
0.000284708664
0.0002798249419
0.0002756859191
0.0002722428964
0.0002694674418
0.0002673116026
0.0002657522576
0.0002647672159
0.0002643465223
0.0002644816809
0.0002651752063
0.000266437453
0.0002682821966
0.0002707360993
0.0002738275888
0.0002775979132
0.0002820879305
0.0002873555451
0.000293454155
0.0003004525001
0.0003084187168
0.0003174308397
0.0003275733322
0.0003389334561
0.0003516037784
0.0003656838441
0.000381277286
0.0003984925357
0.0004174462362
0.0004382603499
0.0004610593291
0.000485980563
0.0005131659931
0.000542765693
0.0005749420751
0.0006098660089
0.0006477196483
0.0006887003708
0.0007330154011
0.0007808913988
0.0008325674932
0.0008883026289
0.0009483750207
0.001013081997
0.001082744489
0.00115770538
0.001238335289
