121.5075108
137.3330624
126.3715122
113.2571393
102.9099155
95.00072078
88.71228791
83.53378658
79.15966068
75.40194533
72.13248213
66.72579097
62.35863888
58.70828456
55.59658445
51.6920729
47.51761403
44.976877
41.55045086
38.84167042
36.61986008
34.07675243
31.71342627
29.7761423
27.79364685
25.8565144
24.09768568
22.4538942
20.86704756
19.44676395
18.14469656
16.95498767
15.86634511
14.855326
13.87161731
12.94748189
12.04881883
11.20536573
10.45428055
9.783662477
9.148217104
8.583241147
8.051565314
7.523703527
7.014677045
6.545660234
6.099660006
5.690770182
5.319621897
4.971493719
4.639816001
4.32748165
4.031536689
3.74609639
3.488152591
3.276020437
3.061312298
2.850940003
2.665571528
2.497912273
2.338166801
2.218120807
2.132681979
2.064110817
2.005151394
1.971871731
1.934810678
1.914347773
1.91443706
1.918823457
1.914384899
1.921586051
1.935288296
1.93692263
1.950495941
1.980622626
2.017762296
2.037565699
2.044959463
2.044493642
2.052587316
2.046254525
2.059686932
2.098343196
2.098434756
2.067625562
2.078072456
2.081570071
2.10603843
2.296913333
2.612650555
3.011917476
3.689070616
