238.9012812
168.9295287
137.9310555
119.4523828
106.8419829
97.53341872
90.29884263
84.46724756
79.63687576
75.55054498
72.03497205
66.26318783
61.6882769
57.94661569
54.81254981
50.93917058
46.85814324
44.36895056
40.97786955
38.26195984
36.02333028
33.46108895
31.11116367
29.19590681
27.23550306
25.33444795
23.66650907
22.09904459
20.5749193
19.20357534
17.92203583
16.70238394
15.56919372
14.53158283
13.54592868
12.63108065
11.77957813
10.98734202
10.25174461
9.562984235
8.922997412
8.321829464
7.767689775
7.246275599
6.76252952
6.311438054
5.892329668
5.501612842
5.13753869
4.798240975
4.483514417
4.19048423
3.918277972
3.66515226
3.430903081
3.213665031
3.012554097
2.826616459
2.655399402
2.497882091
2.353630719
2.221980464
2.102642257
1.995118409
1.899269839
1.814857031
1.741816559
1.680095048
1.629696829
1.590677879
1.5631033
1.54703029
1.542500694
1.54952611
1.568087599
1.598141262
1.639620559
1.692468871
1.756643805
1.832138612
1.91900746
2.017366316
2.12740654
2.249409945
2.38373356
2.530836805
2.691257787
2.865632241
3.054688242
3.259241852
3.480207648
3.718590198
3.975499477
