0.006810844502
0.004764460757
0.003877708551
0.003353873005
0.002998251543
0.002736668591
0.002533902217
0.002370800819
0.002235939462
0.002122024961
0.002024154221
0.00186375568
0.001736890736
0.001633332045
0.001546744322
0.001439951034
0.001327738495
0.00125947612
0.001166743279
0.001092732265
0.001031934339
0.0009626215184
0.0008993612106
0.000848066356
0.0007958581756
0.000745574576
0.0007017940995
0.0006609972935
0.0006217158072
0.0005867643719
0.0005545050491
0.0005242364621
0.00049656552
0.0004716831329
0.0004485245087
0.0004275223836
0.0004084777215
0.0003912711925
0.0003758136581
0.0003618703736
0.0003494512229
0.0003383354316
0.0003286403813
0.0003200826715
0.0003127172965
0.0003064352796
0.0003011983415
0.0002969354089
0.0002936078715
0.0002911834618
0.0002896458761
0.0002889706081
0.0002891530572
0.0002901971425
0.0002921086161
0.0002949112748
0.0002986344918
0.0003033191266
0.0003090017611
0.0003157458065
0.0003236056157
0.000332657948
0.0003429684621
0.0003546332585
0.0003677296409
0.0003823610176
0.0003986226937
0.0004166248616
0.0004364856759
0.0004583249953
0.00048227031
0.0005084605324
0.0005370411473
0.0005681662097
0.0006020048979
0.0006387364756
0.0006785456478
0.0007216409414
0.0007682398731
0.000818575136
0.0008729015037
0.0009314889386
0.0009946271444
0.00106263182
0.001135835427
0.001214602821
0.001299319473
0.001390403354
0.001488303808
0.001593501134
0.001706513763
0.001827895457
0.001958244605
