126.3383191
143.9483595
132.7799412
119.0280339
108.0368158
99.60945095
92.92112754
87.43477798
82.81982749
78.85852768
75.40360392
69.64146781
65.00867783
61.18390549
57.97245929
53.97780971
49.77892291
47.21803739
43.70045888
40.84439475
38.51052326
35.82780283
33.34066545
31.33464579
29.28626444
27.28650991
25.51729161
23.87584011
22.25490701
20.79607738
19.40237005
18.0856942
16.85723213
15.73540965
14.6779001
13.72417445
12.83990043
12.00830119
11.2318642
10.50788594
9.829938418
9.19377464
8.619608201
8.075417051
7.560214183
7.085714549
6.641846634
6.241858734
5.890865391
5.587581217
5.326212352
5.114495507
4.953080608
4.861501863
4.84437646
4.901907868
5.01763581
5.194659922
5.422887913
5.705631403
6.033005864
6.411621019
6.847513771
7.354808313
7.915787261
8.542121269
9.231450175
9.973568371
10.76270351
11.59904764
12.45047894
13.23277204
13.85694141
14.25628418
14.40153256
14.29868344
14.01389941
13.63727623
13.26239808
12.96325083
12.62142488
11.63475748
10.62310358
9.771848975
9.037396553
9.056467399
9.551796116
10.00922845
10.53559349
11.25595165
12.24316282
13.60075492
14.70629873
