0.007225293612
0.005112084828
0.00417647677
0.003619080171
0.003238922115
0.002958468701
0.00274063036
0.002565140463
0.002419866064
0.002297041283
0.002191434287
0.002018201106
0.001881052508
0.001769015478
0.001675282125
0.001559605492
0.001437975472
0.001363942024
0.001263317152
0.001182962924
0.001116923371
0.001041599111
0.0009728171277
0.0009170188306
0.0008602015809
0.0008054534614
0.0007577651328
0.0007133097675
0.0006704915447
0.0006323844044
0.0005972094902
0.0005642093495
0.0005340541788
0.0005069607045
0.0004817798625
0.0004589944683
0.0004384006821
0.0004198826422
0.0004033579366
0.0003885909579
0.0003756083374
0.000364197173
0.0003544933038
0.0003462288712
0.0003394755239
0.0003341460606
0.0003302199691
0.0003276537416
0.0003264351238
0.00032656172
0.0003280339311
0.0003308689155
0.0003350885493
0.0003407379987
0.0003478382314
0.000356463587
0.0003666800926
0.00037857266
0.00039220679
0.0004077063633
0.0004251679976
0.0004447363617
0.0004665320101
0.0004907432345
0.0005175247134
0.0005470944306
0.0005796666003
0.0006155023519
0.0006548998681
0.0006981871542
0.0007457397266
0.0007979950084
0.0008554508789
0.0009186792302
0.0009883507969
0.001065238808
0.001150224849
0.001244356556
0.001348838622
0.001465071319
0.001594696568
0.001739616932
0.001902045533
0.002084568111
0.002290170805
0.002522341893
0.002785106748
0.003083139123
0.003421847219
0.003807471976
0.00424722685
0.004749418757
0.005323635632
